1 109
2 92
3 108
4 96
5 114
6 98
7 90
8 95
9 102
10 86
11 99
12 91
13 93
14 85
15 87
16 104
17 99
18 96
19 111
20 89
21 101
22 96
23 91
24 117
25 95
26 103
27 104
28 113
29 128
30 104
31 98
32 95
33 101
34 96
35 93
36 97
37 103
38 95
39 117
40 109
41 108
42 86
43 107
44 90
45 88
46 90
47 112
48 99
49 73
50 101
51 102
52 113
53 93
54 94
55 114
56 97
57 86
58 123
59 99
60 104
61 120
62 93
63 85
64 85
65 105
66 93
67 95
68 113
69 97
70 108
71 95
72 98
73 114
74 98
75 95
76 91
77 109
78 97
79 75
80 91
81 106
82 108
83 100
84 98
85 105
86 94
87 125
88 102
89 89
90 104
91 115
92 108
93 110
94 100
95 113
96 81
97 113
98 108
99 96
100 89
