1 99
2 75
3 104
4 94
5 90
6 115
7 107
8 91
9 105
10 103
11 86
12 113
13 111
14 101
15 101
16 123
17 95
18 107
19 109
20 91
21 90
22 96
23 121
24 114
25 96
26 110
27 91
28 116
29 98
30 88
31 92
32 102
33 95
34 94
35 96
36 103
37 112
38 105
39 112
40 112
41 103
42 101
43 99
44 107
45 90
46 81
47 102
48 99
49 85
50 102
51 106
52 97
53 112
54 75
55 104
56 92
57 86
58 118
59 94
60 99
61 98
62 105
63 105
64 102
65 81
66 113
67 95
68 97
69 103
70 93
71 98
72 109
73 78
74 104
75 98
76 94
77 110
78 124
79 82
80 90
81 106
82 87
83 100
84 102
85 85
86 101
87 110
88 91
89 101
90 105
91 96
92 107
93 104
94 95
95 94
96 113
97 101
98 91
99 90
100 127
