1 117
2 98
3 116
4 117
5 96
6 104
7 114
8 77
9 74
10 112
11 98
12 85
13 98
14 97
15 98
16 98
17 113
18 103
19 96
20 100
21 103
22 100
23 100
24 103
25 96
26 96
27 89
28 95
29 95
30 100
31 97
32 97
33 106
34 95
35 106
36 105
37 98
38 107
39 93
40 105
41 96
42 78
43 99
44 101
45 108
46 118
47 86
48 100
49 91
50 94
51 92
52 93
53 93
54 99
55 102
56 120
57 109
58 102
59 109
60 106
61 92
62 122
63 97
64 108
65 108
66 89
67 92
68 88
69 86
70 83
71 106
72 104
73 96
74 96
75 99
76 90
77 123
78 104
79 107
80 108
81 96
82 99
83 104
84 96
85 86
86 100
87 97
88 120
89 99
90 100
91 115
92 93
93 103
94 101
95 105
96 88
97 96
98 106
99 113
100 92
