1 97
2 103
3 84
4 108
5 100
6 114
7 108
8 91
9 121
10 95
11 82
12 120
13 98
14 109
15 94
16 109
17 104
18 90
19 102
20 113
21 85
22 93
23 95
24 99
25 95
26 90
27 105
28 108
29 95
30 109
31 109
32 124
33 90
34 108
35 97
36 102
37 103
38 78
39 91
40 96
41 83
42 88
43 97
44 92
45 91
46 89
47 116
48 112
49 104
50 98
51 95
52 109
53 97
54 118
55 108
56 82
57 81
58 102
59 88
60 99
61 106
62 89
63 100
64 100
65 97
66 91
67 103
68 117
69 109
70 89
71 100
72 106
73 101
74 111
75 112
76 97
77 111
78 106
79 94
80 108
81 102
82 97
83 95
84 103
85 99
86 111
87 116
88 107
89 89
90 97
91 105
92 94
93 86
94 101
95 92
96 92
97 104
98 95
99 118
100 87
