1 524
2 475
3 505
4 518
5 494
6 532
7 505
8 454
9 500
10 476
11 455
12 501
13 509
14 482
15 484
16 535
17 511
18 493
19 521
20 500
21 480
22 478
23 512
24 529
25 470
26 510
27 473
28 524
29 506
30 505
31 499
32 515
33 506
34 487
35 490
36 517
37 515
38 476
39 527
40 531
41 500
42 445
43 514
44 491
45 487
46 482
47 544
48 532
49 457
50 484
51 504
52 510
53 498
54 482
55 542
56 476
57 461
58 545
59 497
60 513
61 546
62 514
63 498
64 506
65 488
66 494
67 475
68 507
69 488
70 484
71 508
72 511
73 479
74 508
75 495
76 460
77 561
78 549
79 450
80 488
81 494
82 481
83 485
84 508
85 478
86 520
87 527
88 518
89 474
90 508
91 519
92 499
93 496
94 504
95 495
96 465
97 504
98 510
99 518
100 500
